Temperature (K)	Magnetic Field (Oe)	Moment (emu)	M. Std. Err. (emu)
10.00347662	2499.616943	0.000216813	2.08E-07
10.00235796	2498.416748	0.000218436	1.39E-06
10.00222254	2491.91626	0.000216714	4.25E-07
10.00203419	2482.502686	0.000217058	3.81E-07
10.00180149	2472.496826	0.000216759	3.91E-07
10.00155115	2462.081177	0.00021681	4.23E-07
10.00123453	2452.45874	0.000216904	4.04E-07
10.0010252	2441.909302	0.000216938	3.56E-07
10.00101089	2432.467163	0.000216847	4.41E-07
10.00118685	2422.018555	0.000216942	3.84E-07
10.00136852	2411.976318	0.000217075	4.32E-07
10.00143194	2401.966797	0.000217041	3.82E-07
10.00137281	2391.984253	0.000216864	4.50E-07
10.00128031	2382.435547	0.000216499	3.35E-07
10.00132561	2372.424316	0.000217061	4.08E-07
10.00149059	2362.47644	0.000216844	3.76E-07
10.00147104	2351.962158	0.000217233	3.79E-07
10.00149727	2342.450684	0.000217029	4.08E-07
10.00157213	2332.480225	0.000216525	4.82E-07
10.00136042	2321.993774	0.000217146	4.14E-07
10.00106812	2312.096069	0.00021702	3.67E-07
10.00088263	2302.161865	0.000216914	4.34E-07
10.00061512	2292.623535	0.000216895	3.87E-07
10.00036335	2282.56665	0.000217111	4.29E-07
10.00025845	2272.594482	0.000216682	3.67E-07
10.00020313	2262.560059	0.000216795	4.07E-07
10.00022984	2252.587891	0.000217096	4.28E-07
10.00033808	2242.607788	0.000217097	4.25E-07
10.0003643	2232.651123	0.00021689	4.20E-07
10.00051022	2222.666992	0.000217145	2.86E-07
10.00050735	2212.089478	0.000216845	4.43E-07
10.00049305	2202.214233	0.000216954	3.92E-07
10.0004921	2192.726807	0.000216969	4.44E-07
10.00052547	2182.631836	0.000216973	3.55E-07
10.00042868	2172.626709	0.000216923	4.07E-07
10.00044107	2162.161011	0.000217179	4.28E-07
10.00051975	2152.611572	0.000216917	3.48E-07
10.00046253	2142.576904	0.000216855	4.02E-07
10.00021219	2132.558838	0.000216722	4.58E-07
9.999911785	2122.662109	0.000217	4.03E-07
9.99936533	2112.093262	0.000217159	3.67E-07
9.999336243	2102.625	0.000216605	4.37E-07
9.999386787	2092.729858	0.000217015	4.52E-07
9.99950552	2082.804443	0.000216942	3.39E-07
9.999687672	2072.762939	0.00021724	4.66E-07
10.00017166	2062.746704	0.000217104	3.59E-07
10.00059223	2052.687256	0.000216672	4.07E-07
10.00070715	2042.693298	0.00021674	4.11E-07
10.00086212	2032.710571	0.000216866	3.87E-07
10.00089931	2022.715942	0.000217235	4.02E-07
10.00084925	2012.159363	0.000216975	4.46E-07
10.00062466	2002.685181	0.000216908	3.72E-07
10.00056028	1992.585815	0.00021685	3.95E-07
10.0004797	1982.597107	0.000216905	4.20E-07
10.00031281	1972.616943	0.000216753	4.08E-07
10.00006962	1962.732178	0.000216496	3.78E-07
9.999865055	1952.265747	0.000216943	4.40E-07
9.999803543	1942.649597	0.000216597	4.20E-07
9.999756336	1932.821106	0.000217019	4.05E-07
9.999855518	1923.33728	0.000216877	3.59E-07
9.999949455	1912.701782	0.000216663	4.08E-07
9.999998569	1902.743408	0.000216762	4.10E-07
10.0000391	1893.22168	0.000216831	3.42E-07
9.999874592	1882.786072	0.000217007	4.09E-07
9.999693394	1872.727295	0.000216853	4.25E-07
9.999707222	1862.794983	0.000216911	3.31E-07
9.999817371	1852.828003	0.000216743	4.26E-07
9.999730587	1843.382324	0.000217138	3.74E-07
9.999616146	1832.745239	0.000216621	3.59E-07
9.999619484	1822.354675	0.000216768	4.30E-07
9.999485493	1812.259644	0.000216396	3.76E-07
9.999405861	1802.741272	0.000216908	3.64E-07
9.999385834	1792.824463	0.00021677	3.45E-07
9.999597549	1782.86615	0.000216848	4.78E-07
9.999843597	1772.731262	0.000216971	4.13E-07
10.00010204	1763.32959	0.000216913	8.83E-07
10.00032854	1753.110168	0.000216576	3.44E-07
10.00050306	1743.104248	0.000216651	3.94E-07
10.00041199	1733.162354	0.000216584	3.86E-07
10.00019407	1723.108704	0.000216493	4.01E-07
9.999979973	1713.605957	0.000216734	4.14E-07
9.99981308	1703.520508	0.000216736	4.35E-07
9.999811172	1693.540466	0.000216279	3.29E-07
9.999860764	1683.563965	0.00021662	3.35E-07
9.999777794	1673.664429	0.000216563	3.85E-07
9.999557495	1663.492554	0.000216537	3.82E-07
9.999494076	1653.161682	0.000216357	3.96E-07
9.99952507	1643.20575	0.000216601	3.11E-07
9.999481678	1633.215454	0.000216662	3.38E-07
9.999577999	1623.721436	0.000216571	3.63E-07
9.999729633	1613.067688	0.000216332	3.59E-07
9.99994278	1603.556274	0.000216553	3.56E-07
10.0000267	1593.308533	0.000216326	3.91E-07
9.999960899	1583.261963	0.000215965	4.31E-07
9.999997139	1573.612183	0.000216395	4.25E-07
10.00009108	1563.150513	0.000216284	3.98E-07
10.00020504	1553.200012	0.000216616	3.70E-07
10.00019836	1543.751831	0.000216587	3.61E-07
10.0001111	1533.775208	0.000216323	4.94E-07
10.00010347	1523.646301	0.000216317	3.13E-07
10.00005722	1513.305176	0.000216039	4.49E-07
10.0001173	1503.724548	0.000216114	4.23E-07
10.0002737	1493.676208	0.000216227	3.67E-07
10.00036526	1483.572449	0.000215934	3.55E-07
10.00042725	1473.562256	0.000216307	3.81E-07
10.00042439	1463.679993	0.000216062	3.62E-07
10.00055408	1453.686279	0.000216378	4.03E-07
10.00050497	1442.649841	0.000216096	3.94E-07
10.00037527	1433.705505	0.00021617	4.25E-07
10.00019217	1423.769592	0.000215998	4.12E-07
10.00014257	1413.205872	0.000216071	4.04E-07
10.00010109	1403.1698	0.000216152	3.92E-07
10.00003624	1393.663635	0.000216216	3.36E-07
9.999922276	1383.863586	0.00021603	3.65E-07
9.999702454	1373.696777	0.000216218	4.74E-07
9.999524117	1363.261963	0.000216146	3.51E-07
9.99946022	1353.738403	0.000215854	4.56E-07
9.999558926	1343.830261	0.000216098	4.44E-07
9.999666691	1333.934143	0.000215795	4.15E-07
9.999662399	1323.977539	0.000216066	4.18E-07
9.999747753	1313.744873	0.000216068	4.44E-07
9.999754906	1304.373596	0.000215458	3.56E-07
9.999611855	1293.957214	0.000215535	3.79E-07
9.999608517	1283.405701	0.000215516	4.11E-07
9.999845028	1273.982605	0.000215592	3.77E-07
10.00017071	1263.896118	0.00021555	4.45E-07
10.00040054	1253.885864	0.000215575	3.63E-07
10.00052929	1243.867859	0.00021541	4.43E-07
10.00045633	1233.90509	0.000215642	3.03E-07
10.00046396	1223.842102	0.00021567	4.56E-07
10.00048733	1214.363342	0.000214974	3.41E-07
10.00024271	1203.925354	0.000215574	3.85E-07
9.999938488	1194.512634	0.000215306	4.35E-07
9.999823093	1184.517944	0.000215346	4.10E-07
9.999755383	1174.513733	0.000215054	3.83E-07
9.99970293	1164.470642	0.000215308	4.11E-07
9.99978447	1154.463867	0.000214953	4.43E-07
9.999864101	1143.895752	0.000215268	3.52E-07
9.999878883	1134.481201	0.0002151	4.44E-07
9.999940395	1124.409546	0.00021495	3.16E-07
10.00009346	1114.337036	0.000215027	4.15E-07
10.00028133	1104.329407	0.000215303	4.13E-07
10.00038004	1094.341614	0.000215043	4.55E-07
10.00037098	1083.92511	0.000215075	4.04E-07
10.00041437	1073.871582	0.000214756	3.38E-07
10.00041676	1064.38092	0.000214766	3.84E-07
10.00012922	1054.433899	0.000214599	3.92E-07
9.999762535	1043.968872	0.000214403	4.04E-07
9.999440193	1034.066956	0.00021442	3.64E-07
9.999285221	1024.582214	0.000214324	3.85E-07
9.999370098	1014.38681	0.000214846	4.08E-07
9.999433994	1004.389526	0.000214427	4.17E-07
9.99943924	994.4995117	0.000214479	3.69E-07
9.999372959	983.985199	0.000214258	5.93E-07
9.999238968	974.5490112	0.000213999	3.83E-07
9.99916935	964.5309448	0.000214267	3.69E-07
9.999211311	954.490387	0.000214196	3.50E-07
9.999380112	944.4576721	0.000214326	3.57E-07
9.999518394	934.1251221	0.00021416	3.64E-07
9.999494076	924.0118713	0.00021418	3.50E-07
9.999501705	914.4078674	0.00021362	3.81E-07
9.999564171	904.4348145	0.000214129	4.81E-07
9.999619961	894.5007019	0.000213759	3.37E-07
9.999666691	884.4913635	0.000213293	4.37E-07
9.999694347	874.5710144	0.000213886	5.63E-07
9.999600887	864.6566772	0.000213234	4.34E-07
9.999678612	854.2644348	0.000213605	3.66E-07
9.999805927	844.6578674	0.000213399	4.10E-07
9.999798298	834.6821899	0.000213381	3.56E-07
9.999751568	824.7091064	0.000213264	3.29E-07
9.999725342	814.720459	0.000213162	3.87E-07
9.999888897	804.6583252	0.000213259	3.32E-07
9.999946117	794.7009583	0.000212934	4.10E-07
9.999697685	784.6915283	0.000213019	4.46E-07
9.999553204	775.0995483	0.000213089	3.36E-07
9.999611378	764.1149597	0.000212521	4.76E-07
9.99968195	753.3536987	0.00021249	4.44E-07
9.999813557	743.7080383	0.000212788	4.52E-07
9.999863625	734.717926	0.000212103	4.34E-07
9.999805927	725.1952515	0.000212038	3.17E-07
9.999981403	714.7251282	0.000212295	4.54E-07
10.00014973	704.6603394	0.000211907	3.88E-07
10.00016308	694.6943054	0.000211896	4.45E-07
10.00012398	685.1897583	0.00021177	4.36E-07
10.00005674	674.5975647	0.000211828	3.92E-07
10.00010681	664.7119446	0.000211538	4.72E-07
10.0001502	654.2487183	0.000211351	4.06E-07
9.999994755	645.2663879	0.000211564	4.43E-07
9.999869823	634.7209473	0.000211226	4.30E-07
9.999969006	624.7098389	0.000211308	4.43E-07
9.999958992	615.2391052	0.000210688	4.23E-07
9.999630928	604.316864	0.000210874	3.54E-07
9.999390602	594.8988647	0.000211079	3.44E-07
9.999227047	584.8825378	0.000210862	3.97E-07
9.999232292	574.7623291	0.000210348	3.81E-07
9.999375343	565.2396851	0.000209781	3.15E-07
9.99998045	554.6397095	0.000209957	3.82E-07
10.00012398	544.8258972	0.000210518	4.12E-07
10.00008154	534.8415527	0.00020989	3.67E-07
9.999854088	525.1855774	0.000209502	3.68E-07
9.999628067	514.7257996	0.000209949	3.73E-07
9.999575138	504.661026	0.000209478	3.86E-07
9.999565125	495.2433777	0.000209314	4.46E-07
9.999619484	484.6153412	0.00020898	3.55E-07
9.999630451	475.2627716	0.000208851	4.13E-07
9.999577999	465.2568665	0.000208844	3.60E-07
9.999525547	454.850708	0.000208451	4.99E-07
9.999610901	445.3640442	0.000208613	4.23E-07
9.999897003	434.7891235	0.000208129	4.02E-07
10.00017023	425.3014069	0.000207734	4.49E-07
10.00021839	414.8361053	0.000208042	3.32E-07
10.00015926	405.3039398	0.000207602	4.16E-07
10.00020838	395.2192383	0.000207301	4.46E-07
10.00020266	384.8338776	0.000207481	3.95E-07
10.00023365	375.2620544	0.000207272	3.92E-07
10.00033617	364.7691803	0.000206732	4.76E-07
10.0002737	354.8039703	0.000206713	3.36E-07
10.00003338	345.3557281	0.000206353	3.70E-07
9.999790192	335.2831421	0.000205906	3.99E-07
9.999735355	325.3135071	0.000205688	4.58E-07
9.999808311	315.2616577	0.000205368	4.50E-07
9.999833584	305.3647003	0.000205034	3.24E-07
9.99978447	294.8626404	0.000205352	3.79E-07
9.99972868	284.8229523	0.00020476	3.85E-07
9.999731541	275.2890778	0.00020429	3.06E-07
9.99985981	265.2814026	0.000204227	3.45E-07
9.999901295	255.3120651	0.000204022	4.67E-07
9.999758244	245.8196716	0.000203263	3.42E-07
9.999596119	235.3501129	0.000203167	3.44E-07
9.999464989	225.7490311	0.000202969	3.81E-07
9.999376297	215.3616562	0.000202286	4.38E-07
9.999425888	205.8813705	0.00020206	4.15E-07
9.999733448	195.8434372	0.000201789	3.91E-07
9.999986649	185.8348618	0.000201288	3.91E-07
10.00001049	175.215889	0.000201051	3.36E-07
10.00007343	164.8643723	0.000200514	4.23E-07
10.00004864	155.8854904	0.00020002	4.55E-07
9.999991894	145.8854752	0.000199505	4.21E-07
10.0000968	135.7878265	0.000198983	4.31E-07
10.00014257	124.8916893	0.000198381	3.43E-07
9.999951363	115.3577385	0.00019776	3.65E-07
9.999697208	105.394989	0.000197241	3.67E-07
9.999484062	95.37516403	0.000196209	4.50E-07
9.999386787	85.48091888	0.000196149	3.35E-07
9.999457836	75.31573486	0.000194996	4.42E-07
9.99949646	64.87932014	0.000194783	3.71E-07
9.999538898	55.34195709	0.000193484	4.56E-07
9.999482632	44.80862236	0.000192643	4.06E-07
9.999284267	35.2487545	0.000191664	3.78E-07
9.999213219	25.7632761	0.000190758	4.13E-07
9.999256134	15.96763992	0.000189223	3.84E-07
9.999230385	5.934901834	0.000187689	4.22E-07
9.999307156	-4.631675892	0.000185912	3.74E-07
9.999475479	-14.1306138	0.000183782	3.66E-07
9.999785423	-24.60721493	0.000180689	3.98E-07
10.00011539	-34.63264179	0.000175596	4.67E-07
10.00017977	-44.6991272	0.000166565	7.19E-07
10.00027037	-54.20019531	0.000148355	1.31E-06
10.00037479	-64.17323875	0.000116033	1.67E-06
10.00058842	-74.21899414	7.88E-05	1.69E-06
10.00074291	-84.27252197	4.75E-05	1.31E-06
10.0006032	-94.19272232	2.63E-05	8.43E-07
10.00045872	-104.6975021	1.11E-05	5.52E-07
10.00038815	-114.1803322	9.36E-07	4.79E-07
10.00035191	-124.588253	-6.08E-06	5.19E-07
10.00022173	-134.6417694	-1.17E-05	4.47E-07
10.00008821	-144.1869583	-1.58E-05	4.44E-07
9.999936581	-154.2318497	-1.98E-05	3.30E-07
9.999787331	-164.222229	-2.33E-05	4.64E-07
9.999647141	-174.2238083	-2.74E-05	4.02E-07
9.999628544	-184.196907	-3.05E-05	4.39E-07
9.999627113	-194.2123795	-3.43E-05	3.36E-07
9.999736786	-204.2597733	-3.84E-05	4.79E-07
9.999927521	-214.7137299	-4.37E-05	4.35E-07
10.00004244	-225.0910492	-4.93E-05	5.74E-07
10.00017214	-233.9938354	-5.73E-05	6.69E-07
10.00031567	-243.9365921	-7.47E-05	1.17E-06
10.00036335	-254.5702896	-0.00011003	2.15E-06
10.00025415	-264.0566101	-0.000153854	1.84E-06
10.00013399	-274.0884857	-0.000178623	7.88E-07
10.00008726	-284.1264496	-0.000187541	4.49E-07
10.00008631	-294.1133423	-0.000191663	3.77E-07
9.999973297	-304.0803223	-0.000193488	3.66E-07
9.999662876	-314.6015778	-0.000194574	4.16E-07
9.999444962	-324.5632629	-0.000196251	3.65E-07
9.999320984	-334.0340576	-0.000197172	3.36E-07
9.999336243	-344.5345154	-0.000197558	4.32E-07
9.999717712	-354.6520996	-0.000198667	4.47E-07
9.999677181	-364.1669922	-0.000198934	3.86E-07
9.999500275	-374.1132355	-0.000199635	3.67E-07
9.999396801	-384.0750122	-0.000200243	4.22E-07
9.999435902	-394.1042938	-0.000200469	4.13E-07
9.999648571	-404.0514221	-0.000201091	4.59E-07
9.999623299	-414.4644165	-0.000201402	5.02E-07
9.999618053	-424.582016	-0.000201923	3.25E-07
9.999697208	-434.4597626	-0.000202262	3.86E-07
9.999723434	-444.0309143	-0.000202836	4.80E-07
9.999960899	-454.041214	-0.000202871	4.39E-07
10.00040007	-464.5407562	-0.000203616	3.38E-07
10.00052977	-474.0348816	-0.000204044	3.90E-07
10.00045061	-484.0460663	-0.000204329	3.69E-07
10.00039768	-494.0744476	-0.000204629	4.07E-07
10.00029898	-504.0597839	-0.000205191	3.62E-07
10.00027132	-514.5297546	-0.000205424	4.00E-07
10.00032425	-524.0975037	-0.000205082	3.46E-07
10.00052881	-533.6505127	-0.000205384	4.57E-07
10.0008049	-543.5585938	-0.000206231	3.26E-07
10.00072765	-554.5535278	-0.00020657	3.84E-07
10.00074577	-563.9810486	-0.00020618	4.04E-07
10.00082159	-573.9818115	-0.000206785	3.55E-07
10.00088978	-584.0422363	-0.000206931	3.56E-07
10.00110483	-594.0091858	-0.000206933	4.04E-07
10.00133038	-603.9934998	-0.000207303	3.51E-07
10.00133801	-614.0230408	-0.000207071	3.09E-07
10.00111198	-624.0419617	-0.000207501	3.64E-07
10.00089264	-634.0727844	-0.000207689	2.56E-07
10.00074339	-643.5625916	-0.000208238	3.61E-07
10.00066662	-654.0718384	-0.000208167	4.09E-07
10.00052023	-663.6037903	-0.00020815	4.28E-07
10.00059605	-673.492157	-0.000208412	4.11E-07
10.00074911	-683.9086609	-0.000209406	3.74E-07
10.0008955	-693.8886108	-0.000208563	3.76E-07
10.00097179	-703.9326477	-0.000208529	3.69E-07
10.00064516	-713.9030457	-0.00020875	3.95E-07
10.00043917	-723.8951721	-0.000209063	3.37E-07
10.00016117	-733.3494568	-0.000209438	4.08E-07
9.999709129	-743.3727112	-0.000209851	3.39E-07
9.99932766	-753.9276733	-0.000209865	4.01E-07
9.999196529	-763.5135193	-0.000209549	4.09E-07
9.999168873	-773.4779358	-0.00021027	3.51E-07
9.999235153	-783.3904114	-0.000209789	3.31E-07
9.999500275	-793.8770447	-0.000210049	4.13E-07
9.999783993	-803.947052	-0.000210241	3.21E-07
10.00008535	-814.5417175	-0.000210326	3.57E-07
10.00017452	-823.5162354	-0.000210371	4.06E-07
10.00019073	-832.9204102	-0.000210647	3.62E-07
10.00024223	-842.8311157	-0.000210552	3.81E-07
10.00029612	-853.9463501	-0.000210647	3.12E-07
10.00030088	-863.4153748	-0.000210805	4.44E-07
10.00027704	-873.3529968	-0.000210866	3.68E-07
10.00034809	-883.850769	-0.000211018	3.78E-07
10.00039053	-893.7780457	-0.000211106	5.57E-07
10.00057554	-903.1796265	-0.000211402	3.64E-07
10.00071239	-913.1172791	-0.000211187	3.92E-07
10.00059748	-923.6990051	-0.00021142	4.28E-07
10.00041962	-933.2541809	-0.000211557	3.93E-07
10.0002389	-943.1722412	-0.000211724	4.30E-07
10.00008821	-953.7211304	-0.000211493	3.91E-07
9.999866486	-963.1910095	-0.00021179	4.44E-07
9.99955225	-973.0212097	-0.00021172	4.40E-07
9.999452591	-983.8257446	-0.000211938	3.96E-07
9.99969101	-993.1813965	-0.000212009	4.49E-07
9.999901295	-1003.165436	-0.000211867	3.74E-07
9.99998045	-1013.159241	-0.000212159	4.55E-07
10.00001335	-1023.197083	-0.000212358	3.56E-07
10.00012255	-1033.665894	-0.000212028	4.24E-07
10.00029135	-1043.291199	-0.000212496	4.40E-07
10.00031471	-1053.248779	-0.000212253	4.15E-07
10.00046492	-1063.240723	-0.000212263	4.81E-07
10.00056601	-1073.657349	-0.000212531	4.41E-07
10.00032949	-1083.575867	-0.000212692	4.04E-07
10.00007629	-1093.105408	-0.000212504	4.10E-07
9.999861717	-1102.666199	-0.000212389	3.82E-07
9.999691486	-1113.751343	-0.000212708	5.37E-07
9.999778748	-1123.696228	-0.000212939	3.67E-07
9.99990654	-1133.60614	-0.000212725	4.03E-07
9.999979496	-1143.069458	-0.000212833	3.85E-07
9.99996233	-1152.55835	-0.000213103	3.03E-07
9.999857903	-1163.025024	-0.000212994	3.96E-07
9.999638081	-1173.001648	-0.000213091	4.19E-07
9.999445915	-1183.027466	-0.000213056	3.65E-07
9.999516487	-1193.022095	-0.000213032	4.00E-07
9.99960041	-1203.037476	-0.000213291	2.95E-07
9.999609947	-1212.59137	-0.000213091	4.69E-07
9.999545574	-1223.512756	-0.000213052	3.65E-07
9.999529839	-1233.041565	-0.000213503	3.25E-07
9.999575615	-1242.543457	-0.000213554	5.08E-07
9.999542713	-1252.543274	-0.000213593	3.51E-07
9.999526501	-1263.070557	-0.000213446	4.35E-07
9.999587536	-1273.054016	-0.000213399	3.50E-07
9.999628544	-1283.098816	-0.000213453	4.03E-07
9.999477863	-1292.557983	-0.000213429	4.32E-07
9.99940443	-1302.565552	-0.000213499	3.45E-07
9.999513149	-1313.021423	-0.000213697	4.35E-07
9.99966383	-1322.593811	-0.000213718	4.42E-07
9.999905109	-1332.670776	-0.00021388	4.16E-07
9.999981403	-1343.027954	-0.000213645	4.12E-07
10.00000954	-1353.124756	-0.000213944	3.62E-07
9.999951839	-1362.59729	-0.000213709	3.86E-07
9.999979019	-1373.116638	-0.000214391	4.60E-07
10.00012779	-1382.541565	-0.000213786	3.68E-07
10.00018263	-1392.60376	-0.000213984	3.90E-07
10.00012541	-1402.632629	-0.000214106	4.12E-07
10.00009346	-1412.509705	-0.000213951	3.86E-07
10.00004339	-1422.550415	-0.00021407	4.73E-07
9.999912739	-1432.583984	-0.00021425	3.63E-07
9.999846458	-1442.54425	-0.000213752	4.89E-07
9.999799728	-1452.510437	-0.000214501	3.97E-07
9.999743462	-1463.037659	-0.000214491	3.90E-07
9.999786854	-1473.033203	-0.000214271	3.94E-07
9.999923229	-1482.602722	-0.000214325	4.63E-07
10.00001192	-1492.558472	-0.000214583	4.21E-07
10.0000906	-1503.129822	-0.000214292	4.08E-07
10.00038004	-1513.100342	-0.000214203	4.53E-07
10.00046921	-1522.945984	-0.000214059	4.17E-07
10.00028515	-1532.470337	-0.000214277	5.89E-07
10.00031662	-1543.653992	-0.000214373	3.59E-07
10.00039005	-1553.016663	-0.000214745	4.52E-07
10.00036144	-1562.454529	-0.000214066	4.68E-07
10.00031614	-1572.448425	-0.000214418	4.17E-07
10.00019932	-1582.466614	-0.00021462	4.38E-07
10.00016165	-1592.443115	-0.000214545	3.71E-07
10.00026417	-1602.337402	-0.000214504	4.65E-07
10.00036383	-1612.353638	-0.000214409	3.65E-07
10.00025129	-1622.44751	-0.000214634	5.06E-07
9.999969482	-1632.453552	-0.000214292	4.58E-07
9.999792099	-1642.420837	-0.000214697	4.11E-07
9.999835491	-1653.466736	-0.00021473	4.79E-07
9.999821186	-1662.49585	-0.000214792	4.23E-07
9.999905586	-1672.432556	-0.000214378	4.11E-07
10.00002575	-1682.370178	-0.000214678	4.20E-07
9.999837399	-1692.335754	-0.000215061	3.83E-07
9.999720097	-1702.399597	-0.00021475	4.86E-07
9.999764919	-1712.536682	-0.000214765	5.19E-07
9.999836922	-1722.522827	-0.000214669	4.41E-07
9.99998045	-1732.420654	-0.000214733	4.04E-07
10.00004768	-1742.48877	-0.000214556	5.79E-07
10.00000668	-1752.509155	-0.000215185	3.60E-07
9.999986172	-1762.461426	-0.00021497	4.20E-07
10.0001936	-1772.385254	-0.000214894	4.24E-07
10.00050211	-1782.235657	-0.000214977	7.59E-07
10.00057602	-1792.170471	-0.000215196	4.62E-07
10.00063658	-1802.060425	-0.000215271	4.83E-07
10.00094128	-1812.069397	-0.000215054	4.60E-07
10.0008502	-1822.165283	-0.000214709	5.30E-07
10.000525	-1832.071655	-0.000214608	4.81E-07
10.00039339	-1842.001465	-0.000215139	4.28E-07
10.00026894	-1852.164856	-0.000214799	4.65E-07
10.00020123	-1862.0401	-0.00021467	4.35E-07
10.00015688	-1872.181152	-0.000214906	4.40E-07
10.00004005	-1882.14978	-0.000214779	4.58E-07
9.999982834	-1892.089844	-0.000214977	4.57E-07
9.999940395	-1902.100159	-0.00021487	4.47E-07
9.99997139	-1912.160706	-0.000215011	4.68E-07
10.00014114	-1922.19696	-0.000214933	4.90E-07
10.00020409	-1932.115356	-0.000214883	4.33E-07
10.00016832	-1942.113525	-0.000215342	4.99E-07
10.00024843	-1952.12561	-0.000215057	4.34E-07
10.00013876	-1961.580811	-0.000214872	4.49E-07
10.00014448	-1971.706543	-0.000215023	4.07E-07
10.00023365	-1982.035156	-0.000215163	4.43E-07
10.00019407	-1991.600952	-0.000215237	3.95E-07
10.00009298	-2002.03064	-0.000214906	5.37E-07
9.999859333	-2011.575928	-0.000215132	4.33E-07
9.999513626	-2022.127502	-0.00021484	4.62E-07
9.99951458	-2031.632813	-0.000215092	5.02E-07
9.999629974	-2042.194519	-0.000214878	4.36E-07
9.999666691	-2052.178772	-0.000214865	5.02E-07
9.999679089	-2062.674927	-0.000215174	4.47E-07
9.999698639	-2072.08606	-0.000214835	5.36E-07
9.999913216	-2082.067871	-0.000214986	4.34E-07
10.00002146	-2092.080566	-0.000214835	4.59E-07
10.00001955	-2101.611816	-0.000215662	4.53E-07
10.0000782	-2111.600586	-0.000215148	4.93E-07
10.00003862	-2122.087158	-0.000215065	4.63E-07
9.999937534	-2131.545654	-0.000215028	4.30E-07
9.999974728	-2142.09375	-0.000215358	5.16E-07
10.0001483	-2152.026978	-0.000214975	3.99E-07
10.000278	-2162.080688	-0.000215802	3.89E-07
10.00009489	-2171.399048	-0.000214898	4.92E-07
9.999919415	-2181.537109	-0.000214983	4.77E-07
9.999817848	-2191.46814	-0.000215295	4.79E-07
9.999692917	-2202.193604	-0.000215281	4.40E-07
9.999619007	-2211.504028	-0.000215016	4.16E-07
9.999730587	-2221.623535	-0.00021555	4.37E-07
9.999779701	-2231.53064	-0.000215203	5.00E-07
9.999646187	-2242.091797	-0.000214648	4.38E-07
9.999598026	-2251.967163	-0.000215127	4.70E-07
9.999512196	-2260.92334	-0.000215217	3.88E-07
9.999479294	-2272.016968	-0.000215185	4.85E-07
9.999569893	-2281.542236	-0.000215076	5.06E-07
9.999948025	-2291.87207	-0.000215039	4.60E-07
10.00017262	-2301.904053	-0.000214994	3.99E-07
10.00006819	-2312.069214	-0.000215478	4.69E-07
9.999977589	-2321.565918	-0.000215757	5.26E-07
9.999832153	-2331.413452	-0.000215172	4.55E-07
9.999745846	-2341.392578	-0.000214994	4.09E-07
9.99987936	-2351.441772	-0.000215275	5.52E-07
10.00007153	-2361.453735	-0.000215571	4.83E-07
10.00012636	-2371.48291	-0.000215136	5.01E-07
10.00007057	-2381.760742	-0.00021549	5.08E-07
9.999915123	-2391.600586	-0.000215357	4.91E-07
9.999800205	-2401.511353	-0.000214902	5.14E-07
9.999776363	-2412.084473	-0.000215162	5.08E-07
9.999699116	-2421.564209	-0.000215032	4.79E-07
9.99956274	-2432.085083	-0.0002148	4.67E-07
9.999557495	-2441.456421	-0.000215625	5.75E-07
9.999504566	-2451.475952	-0.00021538	4.26E-07
9.999525547	-2461.004761	-0.000215174	5.10E-07
9.999667645	-2471.048828	-0.000214926	4.87E-07
9.999982834	-2481.060791	-0.000215391	4.60E-07
10.00041199	-2490.994141	-0.000215257	4.81E-07
10.00068521	-2497.727051	-0.000216179	1.34E-06
10.00050402	-2496.935425	-0.000216258	1.38E-06
10.0005064	-2489.709351	-0.000215291	5.82E-07
10.00025606	-2479.64209	-0.000215195	5.56E-07
10.00011778	-2470.085693	-0.000215181	5.13E-07
10.00025749	-2459.653809	-0.000215509	5.47E-07
10.00043535	-2449.734253	-0.000214885	4.98E-07
10.00053596	-2439.838867	-0.000215204	5.49E-07
10.00030804	-2429.719238	-0.000215112	5.38E-07
9.999966145	-2420.215576	-0.000215391	5.26E-07
9.999849796	-2410.312134	-0.000215101	4.48E-07
9.999769688	-2400.31311	-0.00021556	5.61E-07
9.999694824	-2390.31543	-0.000215453	5.25E-07
9.999569416	-2380.370117	-0.000215276	5.28E-07
9.999471664	-2370.293579	-0.000215095	5.22E-07
9.999403477	-2360.294556	-0.000215417	4.16E-07
9.999265671	-2349.847778	-0.000214941	6.35E-07
9.999207497	-2339.790771	-0.000215111	5.03E-07
9.999304295	-2330.305298	-0.000215223	5.73E-07
9.999780178	-2320.352173	-0.000215322	5.35E-07
10.00026226	-2310.299561	-0.000215474	5.54E-07
10.00030518	-2300.275513	-0.000214985	5.63E-07
10.00020695	-2290.258301	-0.00021503	5.65E-07
10.00003624	-2280.304199	-0.000215494	5.43E-07
9.999852657	-2270.340698	-0.000215385	5.18E-07
9.999806881	-2259.703491	-0.000215068	5.60E-07
9.999841213	-2250.221436	-0.000215408	5.58E-07
9.999755383	-2239.819702	-0.000214756	6.00E-07
9.999656677	-2230.279053	-0.00021508	4.83E-07
9.999619961	-2220.292969	-0.000215291	4.78E-07
9.999689102	-2210.298218	-0.000215399	5.33E-07
9.999939919	-2200.33313	-0.000215274	4.37E-07
10.00011921	-2190.309814	-0.000215185	5.64E-07
10.00016403	-2180.290771	-0.00021519	5.22E-07
10.00019741	-2170.324585	-0.000215163	5.65E-07
10.00010824	-2160.728394	-0.000215111	5.07E-07
9.999926567	-2150.250488	-0.000215471	6.10E-07
9.999767303	-2140.306152	-0.000215131	5.01E-07
9.999816418	-2130.32959	-0.000215186	4.08E-07
10.00001621	-2120.321045	-0.000215441	5.58E-07
10.00001097	-2110.402588	-0.00021516	5.73E-07
9.99985075	-2100.50647	-0.00021512	5.26E-07
9.999815464	-2090.332642	-0.000215242	5.03E-07
9.99979353	-2080.225586	-0.000215095	5.93E-07
9.999742985	-2070.276733	-0.000215577	3.89E-07
9.999708652	-2060.287964	-0.00021541	5.33E-07
9.99964571	-2050.307007	-0.000214727	6.73E-07
9.999651909	-2040.263	-0.000215087	5.27E-07
9.999462605	-2029.914124	-0.000215414	4.63E-07
9.999475956	-2020.28418	-0.000215586	4.71E-07
9.999554634	-2010.318115	-0.000215303	4.36E-07
9.999631882	-2000.47052	-0.000214905	5.55E-07
9.99980545	-1990.430725	-0.000215368	4.72E-07
10.00008821	-1980.303528	-0.000215418	4.50E-07
10.00018263	-1970.352966	-0.000215632	5.16E-07
10.00009632	-1960.981384	-0.000215286	4.80E-07
10.00000954	-1950.333191	-0.000215468	5.25E-07
9.999747753	-1939.936829	-0.000215132	3.98E-07
9.999691486	-1930.904297	-0.000215087	4.22E-07
9.999743462	-1920.291504	-0.000215122	5.18E-07
9.999821663	-1910.791138	-0.000215311	4.72E-07
9.999866009	-1900.241394	-0.000214877	5.42E-07
9.999798775	-1890.741211	-0.000215401	6.91E-07
9.999622822	-1880.419128	-0.000215195	4.62E-07
9.999489784	-1870.406189	-0.000215504	4.85E-07
9.999592781	-1860.328552	-0.000214892	5.14E-07
9.999629021	-1850.403931	-0.000215482	4.53E-07
9.999387264	-1839.835205	-0.000214795	5.02E-07
9.999294758	-1830.352234	-0.00021484	4.52E-07
9.999245644	-1820.37323	-0.00021503	3.83E-07
9.999141693	-1810.475464	-0.000215266	4.51E-07
9.999127388	-1800.938782	-0.000215208	4.23E-07
9.999333382	-1790.319824	-0.000214518	4.48E-07
9.999485493	-1780.461792	-0.000215209	9.01E-07
9.999690056	-1771.213196	-0.000215143	4.89E-07
9.999927044	-1760.662598	-0.000214773	5.35E-07
9.999758244	-1750.603027	-0.000214855	4.70E-07
9.999715805	-1741.089844	-0.000214879	4.41E-07
9.999709606	-1730.71405	-0.000214769	4.36E-07
9.999649048	-1721.104858	-0.000215307	3.97E-07
9.999650478	-1711.236755	-0.000215144	4.30E-07
9.999482632	-1700.7005	-0.000214819	4.59E-07
9.999322891	-1691.064575	-0.000214856	4.42E-07
9.999388695	-1680.672302	-0.000215167	5.28E-07
9.999419689	-1671.140076	-0.000214846	4.58E-07
9.999367714	-1660.747742	-0.000214857	4.32E-07
9.999330044	-1651.296082	-0.000214956	4.27E-07
9.999557018	-1641.192383	-0.000215154	5.16E-07
9.99976778	-1631.185608	-0.000215151	4.84E-07
9.999647141	-1621.298096	-0.000214501	4.62E-07
9.999560833	-1610.918884	-0.000214688	4.86E-07
9.999661922	-1601.405701	-0.000215002	4.54E-07
9.999764442	-1591.831116	-0.000214889	4.28E-07
9.999747276	-1581.782837	-0.000214746	3.79E-07
9.999744892	-1571.732788	-0.000214776	4.36E-07
9.999802113	-1560.794861	-0.000215033	5.24E-07
10.00000048	-1550.848572	-0.000214631	3.83E-07
10.00014067	-1541.286926	-0.000214431	4.74E-07
10.00003767	-1531.222168	-0.000214782	4.00E-07
9.999926567	-1521.69342	-0.000214423	4.16E-07
9.999920845	-1511.238892	-0.000214865	4.56E-07
9.999892235	-1500.805054	-0.000214427	4.15E-07
9.999855995	-1491.333374	-0.000214626	4.72E-07
9.999896049	-1481.476257	-0.000214506	3.92E-07
10.0000658	-1470.773682	-0.000214104	4.71E-07
10.00019693	-1460.866577	-0.000214658	3.66E-07
10.00021219	-1451.333984	-0.000214798	5.07E-07
10.00032997	-1441.506165	-0.000214585	4.05E-07
10.00041246	-1431.335876	-0.000213935	5.08E-07
10.00034618	-1421.885071	-0.000214298	4.28E-07
10.00030041	-1411.29718	-0.000214067	4.38E-07
10.00018597	-1400.921387	-0.00021434	4.74E-07
10.00006628	-1391.372559	-0.000214572	4.25E-07
9.999956131	-1381.437683	-0.000214331	4.83E-07
9.99982214	-1371.28186	-0.000214242	4.27E-07
9.999551773	-1361.363159	-0.000213903	4.80E-07
9.999239445	-1351.315674	-0.000214335	4.43E-07
9.999130726	-1341.394958	-0.000214248	4.25E-07
9.999053955	-1331.930298	-0.000213891	3.71E-07
9.999065399	-1321.881958	-0.000214217	4.12E-07
9.999322891	-1311.400574	-0.000214016	4.84E-07
9.999742031	-1301.856201	-0.000213942	5.13E-07
9.99997139	-1291.266663	-0.000214432	5.05E-07
10.00000477	-1281.743042	-0.000213972	4.24E-07
10.00000238	-1270.790588	-0.000213878	4.03E-07
9.999909401	-1260.932739	-0.00021367	4.52E-07
9.999902725	-1251.803284	-0.000213948	4.59E-07
9.999972343	-1241.709045	-0.000213933	4.35E-07
9.999983311	-1231.786865	-0.000213558	4.59E-07
10.00000048	-1221.852783	-0.000213261	5.00E-07
10.00004673	-1211.855652	-0.000213722	3.91E-07
10.00024939	-1201.954468	-0.00021393	4.54E-07
10.00039864	-1191.919983	-0.000213346	3.93E-07
10.00030851	-1181.853455	-0.00021348	4.79E-07
10.00029039	-1171.966064	-0.000213891	4.29E-07
10.00034094	-1161.364441	-0.000213569	4.83E-07
10.00031805	-1151.975037	-0.000213383	5.09E-07
10.00025177	-1141.943115	-0.000213202	4.53E-07
10.0001173	-1131.281433	-0.00021323	4.50E-07
10.00021505	-1121.856384	-0.000213482	4.89E-07
10.00032282	-1111.952698	-0.000213235	5.17E-07
10.00030184	-1101.962402	-0.000213318	4.86E-07
10.00027895	-1091.888184	-0.000213201	4.66E-07
10.00027418	-1081.822571	-0.000213236	4.14E-07
10.0001955	-1071.808899	-0.000213038	4.71E-07
10.00009203	-1061.411377	-0.000213445	4.11E-07
10.00009155	-1051.962158	-0.000212617	3.84E-07
10.00011444	-1041.405579	-0.000213207	4.63E-07
10.00005865	-1031.416992	-0.000213166	4.57E-07
9.99988699	-1021.865234	-0.000212927	4.74E-07
9.999711514	-1011.7883	-0.000212604	4.64E-07
9.999743462	-1001.938568	-0.00021261	3.87E-07
9.999796391	-991.4945374	-0.000212626	3.94E-07
9.999832153	-982.0055847	-0.000212512	4.68E-07
9.999952316	-971.9277954	-0.000212201	4.13E-07
10.00019884	-961.9069824	-0.000212403	4.58E-07
10.00047112	-952.0932007	-0.000212164	4.73E-07
10.0005002	-942.0926208	-0.000212511	4.56E-07
10.00029516	-932.0217285	-0.000211953	4.37E-07
10.00012445	-922.0045776	-0.000212478	4.50E-07
10.00002289	-911.9450378	-0.000211937	3.67E-07
9.999893665	-901.9295349	-0.000211643	6.68E-07
9.999872684	-892.0463257	-0.000212435	4.33E-07
9.999867439	-882.1891479	-0.000211742	4.51E-07
9.999871731	-872.2127075	-0.000211971	4.44E-07
9.999831676	-862.1410217	-0.000211752	4.26E-07
9.999684334	-852.0705261	-0.000211521	4.31E-07
9.999568462	-842.60672	-0.000211384	4.37E-07
9.999509811	-832.1345825	-0.000211412	4.63E-07
9.999425411	-822.138092	-0.000211777	3.54E-07
9.999191761	-812.0333862	-0.00021108	3.76E-07
9.999040127	-802.5832825	-0.000211127	4.00E-07
9.999084473	-792.1678772	-0.000211167	4.83E-07
9.999119759	-782.1498108	-0.000210617	4.97E-07
9.999202728	-772.1619873	-0.000210977	3.58E-07
9.999240875	-761.5810547	-0.000210605	4.46E-07
9.999252796	-752.5701599	-0.000210766	4.19E-07
9.999633789	-742.0481262	-0.000210615	4.78E-07
9.99990797	-732.1001892	-0.00021077	4.25E-07
10.00031137	-722.7050171	-0.000210469	5.08E-07
10.00053453	-712.1315918	-0.000209776	3.50E-07
10.00044727	-702.1429749	-0.000210381	4.87E-07
10.00029421	-692.5874329	-0.000209875	4.63E-07
10.00016212	-682.1319275	-0.000210253	4.16E-07
10.00035954	-672.1638489	-0.000209963	5.39E-07
10.00059748	-662.7545776	-0.000209449	4.08E-07
10.00062227	-652.1790466	-0.000209395	4.21E-07
10.00061703	-642.6883545	-0.00020955	3.42E-07
10.00047159	-632.2891541	-0.000209375	5.13E-07
10.00032997	-622.7301941	-0.000209187	4.20E-07
10.00028515	-612.1829834	-0.00020899	3.91E-07
10.00019073	-602.1025696	-0.000209097	4.09E-07
10.00007534	-592.1511841	-0.000208853	4.04E-07
10.00007915	-582.1106873	-0.000208724	4.43E-07
9.999956608	-571.616333	-0.000208206	4.48E-07
9.999770164	-561.7159729	-0.000208303	4.39E-07
9.999650002	-552.1482849	-0.000208503	3.96E-07
9.99958849	-542.2017517	-0.000208001	4.22E-07
9.999668121	-532.348999	-0.000207877	4.42E-07
9.999876976	-522.3208618	-0.000208172	4.17E-07
10.00014591	-512.1539307	-0.000207737	2.69E-07
10.00020456	-502.6571655	-0.000207183	3.89E-07
10.00024128	-492.7266235	-0.000207195	3.41E-07
10.00033188	-482.2278595	-0.000206853	3.58E-07
10.00046206	-472.6489105	-0.000207238	3.90E-07
10.00064468	-461.7604828	-0.000206688	3.35E-07
10.00082922	-452.8456268	-0.000206773	2.78E-07
10.00061321	-442.2673035	-0.000206364	3.41E-07
10.00007486	-432.7022247	-0.000206096	4.07E-07
9.999623299	-422.6850433	-0.000205797	3.88E-07
9.999385357	-412.7622223	-0.000205864	3.30E-07
9.99938345	-402.7804871	-0.000204973	3.31E-07
9.999475956	-392.715683	-0.000205202	3.78E-07
9.99952364	-382.2092133	-0.000205472	4.17E-07
9.999680042	-373.2095947	-0.000204747	4.11E-07
9.999812126	-362.1835022	-0.00020474	3.33E-07
9.999856949	-352.6193085	-0.000204242	4.13E-07
9.999871254	-342.8037415	-0.000204419	3.86E-07
9.99982214	-332.8575439	-0.000203811	3.07E-07
9.999711037	-322.6863251	-0.000203528	4.27E-07
9.999615669	-312.6543884	-0.000203448	3.96E-07
9.999517918	-302.2942047	-0.000202981	3.06E-07
9.999495983	-292.7014465	-0.000203006	4.05E-07
9.999630928	-282.2866058	-0.000202488	3.94E-07
9.999787331	-272.1508331	-0.000202204	4.11E-07
9.999722958	-262.268692	-0.00020185	3.69E-07
9.99977541	-252.7849884	-0.000201113	4.73E-07
9.999990463	-242.7132187	-0.000201286	3.83E-07
10.0001936	-232.8233032	-0.000201225	4.89E-07
10.0003109	-222.7886581	-0.000200727	4.36E-07
10.00027514	-213.3854141	-0.000199993	3.84E-07
10.00040388	-202.7335358	-0.000199716	4.33E-07
10.00052881	-192.7911606	-0.000198982	4.34E-07
10.00033474	-182.7762299	-0.000198587	3.52E-07
10.00014877	-172.7542343	-0.000198633	3.88E-07
9.999938011	-163.2420197	-0.000197904	4.07E-07
10.00001287	-152.6658707	-0.000197781	3.20E-07
10.000247	-142.7283096	-0.000197009	3.77E-07
10.00028229	-132.2771912	-0.000196341	3.34E-07
10.000103	-122.8263092	-0.000196073	4.03E-07
10.00000954	-113.2932854	-0.000194915	4.52E-07
10.0000248	-102.25	-0.000194933	4.15E-07
9.999927044	-91.71785355	-0.00019353	3.85E-07
9.999746799	-82.66720581	-0.000193152	3.56E-07
9.999686241	-72.62106705	-0.000192511	4.07E-07
9.999567986	-63.20464706	-0.000191662	3.79E-07
9.999616146	-53.19958305	-0.000190647	3.53E-07
9.999851704	-42.66563034	-0.000189554	4.09E-07
9.999976635	-33.09797382	-0.000188049	3.74E-07
10.00005436	-22.75588703	-0.000186765	4.16E-07
10.00004911	-12.58644342	-0.000184987	3.51E-07
9.999716759	-2.002940893	-0.00018312	4.05E-07
9.999462605	7.924189568	-0.000180359	4.35E-07
9.999289989	17.44349146	-0.000176259	5.05E-07
9.999512672	27.39572525	-0.000168083	6.31E-07
9.999707222	36.89159966	-0.00015279	1.09E-06
9.999759674	47.41876984	-0.000123997	1.71E-06
9.999864101	56.86016273	-8.78E-05	1.64E-06
10.00001097	66.82977676	-5.49E-05	1.32E-06
9.999885082	77.40461349	-3.07E-05	9.31E-07
9.999734402	87.37245178	-1.51E-05	6.74E-07
9.99964571	96.8787117	-4.26E-06	5.59E-07
9.999545574	107.323822	3.21E-06	4.28E-07
9.999529839	117.4007301	9.15E-06	4.80E-07
9.999585152	126.8982735	1.31E-05	3.82E-07
9.999726295	136.9119797	1.76E-05	3.85E-07
9.999788284	146.8305359	2.09E-05	3.86E-07
9.999795437	157.3733826	2.49E-05	4.24E-07
9.999846935	166.9174118	2.79E-05	3.86E-07
9.999952316	176.8601761	3.11E-05	4.64E-07
10.0000391	186.8384323	3.52E-05	4.47E-07
10.00009346	196.8313828	3.88E-05	4.14E-07
10.00008297	207.4186325	4.40E-05	4.53E-07
10.00020218	216.804718	5.04E-05	6.21E-07
10.00037861	226.7034378	5.96E-05	7.30E-07
10.00040102	236.6929245	7.94E-05	1.35E-06
10.00020266	246.6157684	0.000119047	2.20E-06
10.00005102	257.1309052	0.000159805	1.48E-06
10.00011206	266.6337128	0.000181055	7.33E-07
10.00004625	276.575592	0.000187806	4.26E-07
10.00003386	286.5944977	0.00019129	4.10E-07
10.00009298	296.6800385	0.000192737	3.67E-07
10.00027132	307.1614075	0.000193848	3.59E-07
10.00040579	316.5941467	0.000195346	5.00E-07
10.0003767	326.5690155	0.000196131	2.97E-07
10.00035524	336.5757751	0.000196821	5.01E-07
10.00035	346.5237122	0.000197176	4.16E-07
10.00026655	356.5071411	0.000198125	4.15E-07
9.999986649	366.5718994	0.000198625	4.03E-07
9.999684811	376.0704193	0.000199388	3.52E-07
9.999588966	386.5769196	0.000199745	3.98E-07
9.999536037	396.5897675	0.000200125	3.73E-07
9.999477863	407.0633087	0.00020062	3.22E-07
9.999480724	416.571228	0.000201106	3.61E-07
9.999559402	426.5512238	0.000201818	3.92E-07
9.999667645	436.6100464	0.000201622	4.24E-07
9.999752998	446.584671	0.00020243	4.30E-07
9.999895096	456.5905762	0.000202927	3.55E-07
9.999908447	466.6183167	0.000202922	4.59E-07
9.999842167	476.6206665	0.000203135	3.40E-07
9.99980402	486.5607758	0.000203454	3.71E-07
9.999768734	496.5469055	0.000203786	4.16E-07
9.999541759	507.0101624	0.000203606	3.43E-07
9.999353886	516.5380096	0.000204183	4.08E-07
9.999437809	526.4729309	0.000204667	4.30E-07
9.999585629	536.4889832	0.000205041	4.71E-07
9.999815941	546.4837646	0.000205008	4.14E-07
9.999986172	556.4536438	0.000205485	4.42E-07
9.99994278	566.4535522	0.000205243	4.33E-07
9.999858856	576.4577026	0.00020569	4.62E-07
9.99990654	586.4870911	0.000206079	4.55E-07
9.999923229	596.4576111	0.000206377	3.54E-07
10.00023794	606.4504395	0.000206373	4.60E-07
10.0005126	616.0674133	0.000206357	3.99E-07
10.00056124	626.5109253	0.000206976	4.54E-07
10.00045872	636.4924316	0.000206871	4.41E-07
10.00018501	646.5555115	0.000206758	4.17E-07
10.00004196	656.5449829	0.000207339	4.33E-07
9.999934673	666.4859619	0.000207091	3.98E-07
9.999923229	676.9285278	0.00020775	4.49E-07
9.999743462	686.5083313	0.000207644	3.88E-07
9.999629498	696.4882507	0.000207612	4.65E-07
9.999811172	706.5556335	0.000207816	3.98E-07
10.00000525	716.571991	0.000208391	4.73E-07
10.00021076	726.0098267	0.000207973	3.77E-07
10.00028658	735.9880371	0.00020804	3.85E-07
10.00017023	746.1340942	0.000208161	4.27E-07
10.00008249	755.9253845	0.0002082	4.47E-07
10.00008011	766.3424377	0.000208876	5.36E-07
10.00022125	776.3158875	0.000208678	4.18E-07
10.00032902	785.8152771	0.000208737	4.76E-07
10.00020552	796.4403992	0.000208701	4.65E-07
10.00008535	805.9370728	0.000209311	4.62E-07
10.00012779	816.0140076	0.0002093	4.25E-07
10.00005865	825.8649292	0.000209335	3.96E-07
9.999977589	836.3312988	0.000209337	4.44E-07
9.999940395	845.9552307	0.000209219	4.77E-07
9.999931335	855.9381714	0.000209449	5.32E-07
10.00004625	866.3987122	0.00020973	4.64E-07
10.00016356	875.8375854	0.000209805	6.75E-07
10.00021505	885.6782837	0.000209807	4.10E-07
10.00016546	895.2494812	0.00021033	4.70E-07
10.00023413	906.3162231	0.000210019	4.52E-07
10.00031519	915.7463684	0.000210022	3.90E-07
10.00033426	925.1296387	0.000210204	4.35E-07
10.0004158	935.6732788	0.000210433	4.30E-07
10.00054073	945.7173157	0.000210548	4.51E-07
10.00066996	956.2844849	0.00021055	3.76E-07
10.00065088	966.3249512	0.000210363	4.11E-07
10.0004096	976.2218323	0.000210795	4.96E-07
10.00017786	985.2336426	0.000210846	4.91E-07
10.00025225	996.2354126	0.000210812	4.21E-07
10.00028467	1005.702759	0.000210674	3.74E-07
10.00014257	1015.311981	0.000210781	3.91E-07
9.999957561	1026.160706	0.000211086	4.75E-07
9.999749184	1035.62323	0.000211279	4.54E-07
9.999501705	1045.835022	0.000210645	4.47E-07
9.999542713	1055.264404	0.000211133	4.17E-07
9.999760151	1066.098511	0.000211217	4.26E-07
9.999865055	1075.703491	0.000211496	4.80E-07
10.00007296	1086.069946	0.000211121	4.36E-07
10.00021553	1095.671448	0.000210913	5.40E-07
10.00029135	1105.103333	0.000211411	4.06E-07
10.00036144	1115.521912	0.000211473	4.84E-07
10.00034142	1125.560608	0.000211823	4.10E-07
10.00035381	1135.126709	0.000211436	5.01E-07
10.00039196	1145.638733	0.000211694	4.29E-07
10.00019312	1155.189087	0.000211883	3.93E-07
9.999872684	1165.618347	0.000211733	3.66E-07
9.999724865	1175.714294	0.000212002	4.74E-07
9.99972868	1185.623596	0.000212144	4.18E-07
9.999855518	1195.028503	0.000212238	5.42E-07
9.999998093	1205.011108	0.000211864	5.12E-07
10.00016308	1215.521362	0.000212112	4.84E-07
10.0002923	1224.980591	0.00021211	4.94E-07
10.00041008	1234.922974	0.000212083	4.91E-07
10.00048542	1245.454102	0.000211969	5.02E-07
10.00038767	1255.007019	0.000212386	5.41E-07
10.00028849	1265.525574	0.00021239	4.73E-07
10.000247	1275.531555	0.000212052	5.15E-07
10.00017262	1285.68811	0.000212373	4.43E-07
10.00018454	1295.543396	0.000212503	5.27E-07
10.00018167	1305.038391	0.00021251	5.57E-07
10.00019693	1315.682556	0.000212588	5.79E-07
10.00015402	1325.079712	0.000212395	5.48E-07
9.999996662	1335.035522	0.000212742	5.32E-07
9.999903202	1345.001648	0.000212425	4.89E-07
9.9999547	1354.947815	0.000212333	5.08E-07
10.00009966	1365.671509	0.000212716	5.11E-07
10.00022507	1375.580872	0.000212783	5.68E-07
10.00030899	1385.026184	0.000212542	5.11E-07
10.00034714	1395.107422	0.000212837	5.05E-07
10.0003953	1405.602783	0.000212718	5.36E-07
10.0004096	1415.136658	0.000213105	5.37E-07
10.00043488	1425.036072	0.000212797	5.46E-07
10.00057507	1434.96167	0.000212857	5.98E-07
10.00072908	1444.999634	0.000213113	4.73E-07
10.00059223	1455.078186	0.000212915	5.31E-07
10.00026989	1465.446899	0.000213195	5.63E-07
10.00000715	1474.94696	0.000212748	4.62E-07
9.999901772	1485.024048	0.000213213	4.85E-07
9.999954224	1495.076721	0.000213189	5.26E-07
9.999959469	1505.452576	0.000212888	5.21E-07
9.999761581	1514.928589	0.000213342	5.02E-07
9.999643326	1524.985229	0.000213366	5.42E-07
9.999861717	1534.983948	0.000213015	5.79E-07
9.999989033	1544.431763	0.000212918	5.18E-07
10.00011921	1555.3526	0.000213158	6.05E-07
10.00027895	1565.510742	0.000213041	5.32E-07
10.00036812	1575.038696	0.000213417	5.93E-07
10.00040054	1585.022095	0.000213437	6.28E-07
10.00048876	1595.309509	0.000213473	5.69E-07
10.00047827	1604.932678	0.000213062	6.76E-07
10.00033855	1614.954224	0.000212982	5.64E-07
10.00016546	1624.911621	0.000213362	5.98E-07
10.00003672	1635.031799	0.000213343	5.31E-07
10.00005436	1644.953918	0.000213139	6.14E-07
10.000144	1655.294189	0.000213159	6.01E-07
10.00009966	1664.299072	0.000213311	5.78E-07
9.999922276	1674.917297	0.000213079	6.01E-07
9.999834538	1684.828857	0.000213356	5.65E-07
9.999853134	1694.869202	0.000212989	6.37E-07
9.999778748	1704.867371	0.000213266	6.09E-07
9.999744892	1714.869141	0.000213576	7.37E-07
9.999934196	1724.891357	0.00021356	5.44E-07
10.00020313	1734.813293	0.000213519	5.85E-07
10.00036192	1745.224731	0.000213397	5.75E-07
10.00046206	1755.348511	0.000213036	9.58E-07
10.00048161	1764.610046	0.000213774	6.46E-07
10.00037003	1774.47229	0.000213583	6.53E-07
10.00035095	1784.548218	0.000213284	6.51E-07
10.00034666	1794.640625	0.000213696	5.67E-07
10.00027514	1804.559143	0.000213607	6.32E-07
10.00029135	1814.554749	0.000213176	6.04E-07
10.00040722	1824.527405	0.000213425	6.24E-07
10.00047398	1835.018311	0.000213849	6.23E-07
10.000525	1845.048096	0.000213707	5.90E-07
10.00043964	1854.122131	0.000213217	5.94E-07
10.0002284	1864.549683	0.000213671	6.16E-07
10.0001688	1874.427551	0.000213566	6.00E-07
10.00011158	1884.44751	0.000213528	5.83E-07
9.99994278	1894.001343	0.000213805	6.39E-07
9.999623299	1904.518188	0.000213267	6.00E-07
9.999387264	1914.008789	0.000213449	5.86E-07
9.999268055	1924.479065	0.00021344	6.84E-07
9.999196053	1934.496338	0.000213582	6.69E-07
9.999231815	1944.470154	0.000213402	6.54E-07
9.999428272	1953.932251	0.000213819	5.21E-07
9.999601364	1964.545288	0.000213776	6.86E-07
9.999657631	1974.543457	0.000213666	6.33E-07
9.99971962	1983.945862	0.000213706	6.80E-07
9.99976635	1994.473145	0.000212996	5.51E-07
9.999885082	2004.481628	0.000213534	6.55E-07