Magnetic Field (Oe)	Moment (emu)
2499.635254	0.000261269
2498.011353	0.000262182
2491.008789	0.000260878
2480.488281	0.000261145
2471.048706	0.000261422
2461.025513	0.000261672
2450.993652	0.000260944
2441.018799	0.000261013
2431.458862	0.000261364
2421.518799	0.000261115
2411.0979	0.000261596
2401.581421	0.000261077
2390.593262	0.000261254
2380.539795	0.000261649
2371.058716	0.000261242
2361.588867	0.000261135
2351.567261	0.000261646
2341.039185	0.000261224
2331.568359	0.000261175
2321.60144	0.000261101
2311.083496	0.000261215
2301.599731	0.000261704
2291.128662	0.000261053
2281.110962	0.000261089
2271.580322	0.000261261
2261.069458	0.000260934
2251.06189	0.000261223
2241.521851	0.000261328
2230.991943	0.000261306
2221.653687	0.000260995
2211.669312	0.000261685
2201.600952	0.000261495
2191.040894	0.000261979
2180.962402	0.000261276
2171.099121	0.000260988
2161.644775	0.000261765
2151.665649	0.000261465
2141.68335	0.000261406
2131.615845	0.000261152
2121.594116	0.00026151
2111.628296	0.000261741
2101.613647	0.000261582
2091.150146	0.000261331
2081.167603	0.000261316
2071.618164	0.000261391
2061.634888	0.000261126
2051.688721	0.00026116
2041.69397	0.00026127
2031.664612	0.000261511
2021.58429	0.00026143
2011.575867	0.000261325
2001.122864	0.00026159
1991.123047	0.000261492
1981.692078	0.000260962
1971.642761	0.000261193
1961.674072	0.000261443
1951.735779	0.000261544
1941.716919	0.000261546
1931.751587	0.000261669
1921.739502	0.000261441
1911.599426	0.000261625
1901.185547	0.000261587
1891.6828	0.000260965
1882.195618	0.000260716
1871.737549	0.000261736
1861.862244	0.000261187
1852.327393	0.000261737
1841.855652	0.000261172
1831.817749	0.000261052
1821.767578	0.000261549
1811.305786	0.000261007
1801.805298	0.000260904
1792.300049	0.000261041
1781.755127	0.000261327
1771.737976	0.00026104
1761.964661	0.000261168
1752.14624	0.000261305
1742.639099	0.000260959
1732.153442	0.000260882
1721.57428	0.000261309
1711.56488	0.00026121
1702.13562	0.00026101
1692.069092	0.000260842
1682.057251	0.000261076
1672.085205	0.000261081
1662.080994	0.000261182
1652.170044	0.000261208
1642.181274	0.000261804
1632.193665	0.000260883
1622.153137	0.000261025
1612.615051	0.000260942
1602.623535	0.000261139
1592.716248	0.000261238
1582.121521	0.000261013
1571.662598	0.000260402
1562.22644	0.000261013
1552.14447	0.000260975
1542.610474	0.000260624
1532.244263	0.000260918
1522.169861	0.000260803
1512.194153	0.000260677
1502.617004	0.000261041
1492.637939	0.000260755
1482.66571	0.000260156
1472.145081	0.000260532
1462.254272	0.000260535
1452.778564	0.000260933
1442.116394	0.00026058
1432.19519	0.000260376
1422.722595	0.000260822
1412.755676	0.000260576
1402.703857	0.000260474
1392.703979	0.000260574
1382.233826	0.000260194
1372.799438	0.000260442
1362.849731	0.000260363
1352.690613	0.000260561
1342.721069	0.00026065
1332.299438	0.000260119
1322.197937	0.000260548
1312.717102	0.00026004
1302.79718	0.000260437
1292.687988	0.000260488
1282.810974	0.000260581
1272.663147	0.000260217
1263.23822	0.000260057
1252.14032	0.000259879
1242.724121	0.000260547
1232.20459	0.000259846
1222.752991	0.000259644
1212.747681	0.000260188
1203.315002	0.000260317
1193.385925	0.000260202
1182.789673	0.000259919
1172.740906	0.000260215
1162.835083	0.000260113
1152.745911	0.000260037
1142.803162	0.000259525
1132.260315	0.0002601
1122.805176	0.000259732
1113.240051	0.000259357
1103.190674	0.000259595
1092.784729	0.000260163
1082.799622	0.000259926
1072.849854	0.000259055
1062.813599	0.000259532
1053.258972	0.000259234
1042.785339	0.000259022
1032.271973	0.000258913
1022.842804	0.000259014
1012.846375	0.000259463
1003.289886	0.000258621
993.2596741	0.000259195
983.336792	0.000259176
973.381897	0.00025883
963.3603821	0.00025894
953.3587646	0.000258566
943.3165283	0.000258893
932.86026	0.000258714
922.89328	0.000258486
913.2268982	0.000258518
903.2573242	0.000258169
892.7872009	0.000258176
882.8476868	0.000258008
872.9673157	0.000258523
863.107605	0.000257569
853.0254822	0.000257943
843.6430664	0.000257907
833.1513977	0.000257608
822.0643311	0.000257706
813.5265198	0.000257695
803.5335999	0.000257391
793.3294678	0.000257487
782.8177795	0.000256786
773.4347229	0.000256457
763.4720154	0.000257031
753.5748901	0.000257255
743.5689392	0.000256869
732.9533691	0.00025658
723.0478821	0.000256599
713.5684509	0.000256963
703.567688	0.000256551
693.5185242	0.000256254
683.5091248	0.000256218
673.4936829	0.00025607
663.4548645	0.00025613
653.4582825	0.000255827
643.0063171	0.000255645
633.0888062	0.000255024
623.5592041	0.000255465
613.5273132	0.000255309
603.5885315	0.000254706
593.5531616	0.000254867
583.5043335	0.000254611
573.4568481	0.000254819
563.9454041	0.000254821
553.4718323	0.000254244
543.5463257	0.000253809
533.6234131	0.000253613
523.5646973	0.000253754
513.4852295	0.000253626
503.5623932	0.000253241
494.1132507	0.000253338
483.5868225	0.000252565
473.5410919	0.000253049
463.5923004	0.000252466
453.5976257	0.000252054
443.5336914	0.000251546
433.507843	0.000251967
423.5776978	0.000251716
413.5968781	0.000251744
403.5428162	0.000251018
393.5256348	0.000250366
383.5439453	0.000250883
374.1060486	0.000250475
364.1001434	0.000250426
353.5235443	0.000249703
343.5392761	0.000249424
333.5789185	0.000248771
323.6200104	0.000248026
314.1448364	0.000248575
303.6285706	0.000247915
294.1251831	0.00024763
284.1279297	0.000247444
273.6150055	0.000246952
263.6229095	0.000246275
254.1378174	0.000246092
243.6390915	0.000246468
233.6271362	0.000244996
224.0897522	0.000244978
214.1348419	0.000243969
204.1167526	0.000243573
194.2744446	0.000243284
184.2528687	0.000242501
174.2869034	0.000242126
164.2401886	0.000241457
154.0637665	0.000240805
143.7130966	0.000239416
134.2977448	0.000239386
123.7012177	0.000238536
114.124855	0.000237578
104.0822449	0.000237521
94.25221252	0.000235709
84.30513	0.000235167
74.36849213	0.000233279
64.30106735	0.000232461
54.16964722	0.000230688
43.69514084	0.000229517
34.18628979	0.000227326
24.00532722	0.000225116
14.34326363	0.00022179
3.739003189	0.000217744
-5.836507201	0.000209904
-15.8173027	0.000190402
-25.84657478	0.000138074
-35.35283375	6.56E-05
-45.86364555	1.77E-05
-55.82630348	-3.66E-06
-65.28321075	-1.49E-05
-75.89531326	-2.21E-05
-85.79392242	-2.68E-05
-95.84227753	-3.19E-05
-105.9503365	-3.58E-05
-115.4072418	-4.06E-05
-125.2997704	-4.50E-05
-135.3425522	-5.07E-05
-145.366684	-5.70E-05
-155.8129578	-6.63E-05
-165.3295593	-8.07E-05
-175.3571472	-0.000113692
-185.8394318	-0.000181836
-195.8055267	-0.000225431
-205.8378143	-0.000236249
-215.4077301	-0.000239369
-225.3489532	-0.000240917
-235.2744446	-0.000241937
-245.7115631	-0.000242823
-255.63694	-0.000243163
-265.2453308	-0.000244127
-275.214035	-0.000244524
-285.1949005	-0.000244889
-295.2147064	-0.000245664
-305.2119598	-0.000246537
-315.2464294	-0.000246082
-325.7061768	-0.000247363
-335.8131256	-0.000247506
-345.7529755	-0.000247678
-355.6911163	-0.000247724
-365.7697906	-0.0002485
-375.2310333	-0.000248619
-385.7755585	-0.000248336
-395.2558441	-0.000249168
-405.2323456	-0.000249773
-415.2927704	-0.000250058
-425.2961121	-0.000249796
-435.2085724	-0.000251064
-445.2309418	-0.000251018
-456.44487	-0.000250934
-465.3492737	-0.000251516
-475.2381134	-0.000251417
-485.2492065	-0.000251732
-495.2571411	-0.000251766
-505.1739349	-0.000252448
-515.7107391	-0.000252491
-525.7686462	-0.000252887
-535.2465515	-0.000252999
-545.802887	-0.000253426
-555.2554626	-0.000253662
-565.1870117	-0.000253347
-575.1237183	-0.000254238
-585.1729736	-0.000253889
-595.2611389	-0.000253957
-605.2860718	-0.0002547
-615.2764282	-0.000254401
-625.1923523	-0.000254921
-635.2043457	-0.000254906
-645.668457	-0.000254743
-654.6914063	-0.000255266
-665.172821	-0.000255341
-675.1736145	-0.000255286
-685.1224365	-0.000255873
-695.1355286	-0.000255497
-705.1008301	-0.000255839
-715.0753479	-0.000255506
-725.5726624	-0.000256538
-735.598175	-0.000256152
-745.589386	-0.000256191
-755.0955811	-0.000256341
-765.1231995	-0.000256524
-775.1126709	-0.000256899
-785.0904541	-0.000256839
-795.0687866	-0.000257052
-804.5469666	-0.000256936
-815.0499268	-0.000256982
-825.0471497	-0.000257404
-835.0539856	-0.000257157
-845.5570374	-0.000257482
-854.5713806	-0.000257623
-865.1176147	-0.00025749
-875.1538391	-0.000257916
-884.6289673	-0.000257855
-894.9857483	-0.000257888
-904.8654785	-0.00025777
-915.4680786	-0.00025846
-924.9102783	-0.000257767
-934.8651123	-0.000257709
-944.2614746	-0.000258312
-954.8587952	-0.000258569
-964.8370056	-0.000258519
-974.3804626	-0.000257972
-984.3743286	-0.000258912
-994.381134	-0.000259077
-1004.872833	-0.000258945
-1014.847809	-0.000258932
-1024.86499	-0.000259017
-1034.869934	-0.000259019
-1044.347595	-0.000258886
-1054.340576	-0.000258802
-1064.365601	-0.000258872
-1074.798462	-0.000259172
-1084.320313	-0.000259348
-1094.347412	-0.000259213
-1103.855835	-0.000259229
-1114.82135	-0.000259215
-1124.703918	-0.000259909
-1134.230835	-0.000259412
-1144.776001	-0.000259067
-1154.253662	-0.000259303
-1164.30127	-0.0002593
-1174.280273	-0.000259229
-1184.32428	-0.000259618
-1194.343262	-0.000260151
-1204.3172	-0.000259775
-1214.283264	-0.000260123
-1225.228882	-0.000260118
-1234.225952	-0.000259515
-1244.1297	-0.000259712
-1254.164124	-0.000260061
-1264.752869	-0.000260386
-1274.312744	-0.000260189
-1284.215698	-0.000260142
-1294.228394	-0.000260555
-1303.770142	-0.000260583
-1314.105408	-0.000259765
-1324.709717	-0.000259949
-1334.235046	-0.000260302
-1343.690247	-0.000260817
-1353.716064	-0.000260873
-1364.27887	-0.000260259
-1374.169617	-0.00026065
-1383.662842	-0.000260514
-1394.270264	-0.000260664
-1404.185608	-0.000260509
-1414.252625	-0.000261929
-1424.21228	-0.000260321
-1433.741333	-0.000261254
-1443.718689	-0.00026086
-1453.716431	-0.000260499
-1463.676453	-0.000260691
-1474.18219	-0.000260179
-1483.763672	-0.000260591
-1493.715088	-0.000260535
-1503.679504	-0.000260927
-1514.181641	-0.00026053
-1523.73053	-0.000260931
-1533.720886	-0.000260836
-1543.673767	-0.000260677
-1553.672119	-0.000261125
-1563.636597	-0.000260626
-1573.60022	-0.000260546
-1583.645996	-0.000261068
-1593.618835	-0.000260621
-1604.109497	-0.000261395
-1614.599731	-0.000260925
-1623.62793	-0.00026092
-1634.062561	-0.000261032
-1644.111755	-0.000260932
-1653.586792	-0.000261317
-1663.597961	-0.000261765
-1673.629883	-0.000261061
-1683.545776	-0.000260827
-1694.621277	-0.000261819
-1704.078186	-0.000261146
-1713.472595	-0.000261335
-1723.500183	-0.000261857
-1733.636963	-0.000261077
-1743.656128	-0.000260903
-1753.102661	-0.000261177
-1763.655701	-0.000260977
-1773.161926	-0.000261656
-1783.397522	-0.000261039
-1793.739014	-0.00026169
-1803.871277	-0.000261084
-1813.325562	-0.000261081
-1823.313293	-0.000261442
-1833.335693	-0.000261386
-1842.776245	-0.000261015
-1853.294861	-0.000260905
-1863.275574	-0.000261391
-1873.311768	-0.000261059
-1883.406067	-0.00026169
-1893.292664	-0.000260907
-1903.726257	-0.000261586
-1913.255066	-0.000261118
-1923.251587	-0.000261204
-1933.232422	-0.000261255
-1943.26001	-0.000261548
-1953.215637	-0.000261272
-1963.28833	-0.000261303
-1972.761658	-0.000261094
-1983.198914	-0.000260497
-1993.747009	-0.000261707
-2003.231689	-0.000261309
-2012.678223	-0.000261101
-2023.150085	-0.000261067
-2033.185486	-0.000260828
-2043.189575	-0.000261917
-2052.75293	-0.000261139
-2063.130249	-0.00026155
-2072.614136	-0.000261257
-2082.66687	-0.000261386
-2093.236694	-0.000261808
-2103.705566	-0.000261216
-2113.207642	-0.000260783
-2123.146118	-0.000261078
-2133.163208	-0.000261901
-2143.135498	-0.00026131
-2152.61499	-0.000260968
-2162.640869	-0.000261237
-2173.170776	-0.00026134
-2183.169678	-0.000261563
-2192.687134	-0.000262096
-2203.197021	-0.000261351
-2212.706787	-0.000261068
-2223.116211	-0.000261285
-2232.585571	-0.000260932
-2242.667358	-0.000261123
-2252.681396	-0.000261591
-2263.17981	-0.000261435
-2273.158203	-0.000261469
-2283.659424	-0.000261045
-2293.161255	-0.000261495
-2303.693726	-0.000261306
-2312.676147	-0.000261637
-2322.674194	-0.000261598
-2332.685181	-0.000261336
-2342.588989	-0.000261199
-2352.640991	-0.000261228
-2362.067871	-0.000261548
-2372.615601	-0.000261094
-2382.201538	-0.000261271
-2393.677612	-0.000261066
-2403.148315	-0.000261595
-2412.686157	-0.000261081
-2422.193237	-0.000261383
-2432.687622	-0.000260523
-2442.5802	-0.000260695
-2452.058228	-0.000261359
-2462.604126	-0.000261058
-2472.576416	-0.000261301
-2483.125244	-0.000261237
-2493.905884	-0.0002615
-2499.786499	-0.000261647
-2499.683594	-0.000261097
-2497.149902	-0.000262244
-2489.826904	-0.000261383
-2479.87561	-0.00026114
-2469.782227	-0.000260753
-2460.287109	-0.000261169
-2449.823975	-0.000261324
-2440.405884	-0.000261294
-2430.482056	-0.000261764
-2419.903076	-0.000260982
-2409.345581	-0.000261593
-2399.424438	-0.000261477
-2389.423584	-0.000261134
-2379.932983	-0.000261269
-2369.967773	-0.000261587
-2359.85376	-0.000260957
-2349.910034	-0.000261021
-2340.395996	-0.000261498
-2330.440186	-0.000261354
-2320.443848	-0.000261633
-2309.908813	-0.000260915
-2300.42688	-0.000261256
-2289.875122	-0.00026148
-2279.896973	-0.000261115
-2269.950684	-0.000261
-2260.3927	-0.000261237
-2249.956421	-0.000261329
-2239.955566	-0.00026175
-2230.445801	-0.000261699
-2220.440674	-0.00026106
-2210.394165	-0.000261597
-2200.387329	-0.000261531
-2189.910278	-0.00026146
-2179.889771	-0.00026175
-2170.378418	-0.000261631
-2160.393188	-0.000261343
-2150.40271	-0.000261456
-2140.427002	-0.000261402
-2130.430542	-0.000261484
-2119.90686	-0.000261356
-2110.45166	-0.000260981
-2099.997192	-0.000261687
-2089.974976	-0.000261338
-2080.951904	-0.000261826
-2070.472168	-0.000261806
-2060.454834	-0.000261143
-2050.41156	-0.000261632
-2039.954651	-0.000261005
-2030.431946	-0.000261241
-2020.42511	-0.000261308
-2010.440552	-0.000261023
-1999.958313	-0.00026132
-1990.033997	-0.000261393
-1980.50177	-0.000261586
-1970.49231	-0.000261343
-1960.554749	-0.000261884
-1950.55658	-0.000260903
-1940.449341	-0.000261303
-1930.44519	-0.000261396
-1920.50769	-0.000261219
-1910.526855	-0.000260993
-1900.510559	-0.000261754
-1890.462158	-0.000261216
-1880.52887	-0.000261643
-1870.543152	-0.000261462
-1860.570984	-0.000261843
-1850.543152	-0.000261518
-1840.509399	-0.00026125
-1830.993652	-0.000261424
-1820.552185	-0.000261664
-1810.490906	-0.00026129
-1800.427795	-0.000261085
-1790.506653	-0.000261708
-1780.712708	-0.000260606
-1770.85968	-0.000261365
-1761.328247	-0.000261207
-1751.338867	-0.000261514
-1741.320862	-0.00026119
-1731.343323	-0.00026075
-1720.919922	-0.000261228
-1710.903625	-0.000261047
-1700.816406	-0.000261431
-1690.755127	-0.000260891
-1680.817566	-0.000261372
-1670.411316	-0.000261618
-1661.406494	-0.000261437
-1651.377319	-0.000261504
-1641.334351	-0.000261251
-1631.312805	-0.000260793
-1621.371582	-0.000260827
-1611.365051	-0.000261465
-1600.347412	-0.000261409
-1590.861938	-0.000261011
-1580.882019	-0.000261047
-1570.868225	-0.000260619
-1561.435425	-0.000261211
-1550.449951	-0.00026064
-1540.922974	-0.000261077
-1530.922241	-0.000261254
-1520.973389	-0.000260777
-1510.968384	-0.000261001
-1501.4198	-0.000260923
-1491.496826	-0.000260826
-1480.94104	-0.000261059
-1470.975769	-0.000260306
-1461.427551	-0.000260703
-1451.503296	-0.000260661
-1440.949158	-0.000261308
-1430.97699	-0.000260578
-1421.475159	-0.000260523
-1411.413696	-0.000261305
-1401.497986	-0.000260927
-1391.444458	-0.000260485
-1381.467041	-0.000260964
-1370.989136	-0.000260935
-1361.488037	-0.000260406
-1351.53241	-0.000260367
-1341.492676	-0.000260815
-1331.505127	-0.000260679
-1321.992859	-0.0002604
-1311.493042	-0.000259781
-1301.979919	-0.000260322
-1291.485535	-0.000260224
-1281.46405	-0.000260922
-1271.451965	-0.000260155
-1261.999329	-0.000259898
-1250.924805	-0.000260073
-1241.393494	-0.000260307
-1231.436035	-0.000260138
-1221.930603	-0.000259997
-1211.572998	-0.000260189
-1201.422546	-0.000260374
-1191.547241	-0.000259618
-1181.511963	-0.000259664
-1171.481812	-0.00026064
-1161.442993	-0.000259515
-1151.501099	-0.000259872
-1141.541931	-0.000259464
-1131.469543	-0.000259623
-1121.934692	-0.000260143
-1111.985718	-0.00025978
-1102.091431	-0.000259705
-1092.106201	-0.000259656
-1081.567566	-0.000259229
-1072.015503	-0.000258771
-1061.586975	-0.000259681
-1052.058228	-0.000258966
-1041.543152	-0.000259735
-1031.516785	-0.000259699
-1021.598633	-0.000259118
-1012.050812	-0.000259245
-1002.045807	-0.000258721
-992.0857849	-0.000258898
-982.083313	-0.00025919
-972.0920715	-0.000258737
-962.140686	-0.000258953
-952.1633301	-0.000258403
-942.0993958	-0.000258355
-931.0655518	-0.000258325
-921.9906311	-0.000258362
-912.0219116	-0.000258536
-901.5708313	-0.000257965
-892.166626	-0.000257815
-882.2644348	-0.000258358
-872.3147278	-0.000257963
-862.3347473	-0.000258123
-851.7391357	-0.000258078
-841.7444763	-0.00025777
-832.34552	-0.000257815
-822.8399963	-0.000257886
-812.2858276	-0.000257672
-802.3034973	-0.000257725
-792.301239	-0.000256805
-782.2734375	-0.0002571
-771.7720947	-0.000256829
-762.3268127	-0.000256515
-752.3554993	-0.000256698
-741.744812	-0.000256522
-732.2835693	-0.000256715
-722.7617493	-0.000256807
-712.2673645	-0.000256073
-702.1892395	-0.000256281
-692.1902466	-0.000256049
-682.2539368	-0.00025598
-672.3293152	-0.000255978
-662.4219666	-0.000255742
-652.3987122	-0.000255225
-642.3105164	-0.000255374
-631.8749695	-0.000255541
-622.2666626	-0.000255507
-612.2537842	-0.000254636
-602.3023987	-0.000254936
-592.8169861	-0.000255153
-582.8109741	-0.00025445
-571.2514954	-0.000254414
-561.7867737	-0.000253946
-551.7669678	-0.000253859
-541.8761292	-0.000254015
-531.8641663	-0.000253945
-522.8472595	-0.000253701
-512.3944702	-0.000253179
-502.3729858	-0.000253018
-491.8049927	-0.000253021
-482.8278656	-0.000252761
-473.3683167	-0.000252743
-462.3292694	-0.000252623
-452.3951569	-0.000252364
-442.3866272	-0.00025172
-432.3330994	-0.000251886
-422.3003387	-0.000251116
-412.7828827	-0.000251488
-402.8340302	-0.000251029
-392.3552856	-0.000250834
-382.8516083	-0.000249836
-372.7149811	-0.000249634
-363.2754059	-0.000249582
-352.7879333	-0.000249351
-342.3074036	-0.000249322
-332.3334656	-0.000249045
-322.8687897	-0.000248467
-312.8048859	-0.000247732
-302.7660522	-0.00024754
-292.806839	-0.000247732
-282.3332367	-0.00024712
-272.3177795	-0.000245614
-262.8323212	-0.000246272
-252.8177414	-0.000245667
-242.826561	-0.000245403
-232.8594818	-0.000244861
-221.9960175	-0.000244343
-212.4421997	-0.000243668
-202.9368134	-0.000242955
-192.4476929	-0.0002427
-182.931076	-0.000241744
-172.9622803	-0.000241903
-162.428299	-0.000240527
-152.4232101	-0.000240073
-142.8873901	-0.00023921
-132.8831711	-0.000239236
-123.3968353	-0.000237405
-112.9136772	-0.000237028
-102.8636322	-0.000235386
-93.42488098	-0.000235564
-82.95297623	-0.000233869
-72.90726089	-0.000232625
-62.87709618	-0.000230891
-52.51255417	-0.000229477
-42.47633553	-0.000227392
-32.93028545	-0.000225325
-23.41713333	-0.000222316
-13.41119623	-0.000217323
-3.349908829	-0.000209513
7.038909078	-0.000189344
16.5953207	-0.000136511
26.55925751	-6.56E-05
37.12067032	-1.90E-05
47.65227509	2.72E-06
57.11699104	1.38E-05
66.5617485	2.11E-05
76.57372284	2.61E-05
86.6316185	3.16E-05
96.66617966	3.52E-05
106.6167259	4.00E-05
117.0548744	4.47E-05
126.6320534	5.04E-05
137.1281586	5.71E-05
147.1332169	6.67E-05
157.0586548	8.14E-05
166.5346069	0.000117025
176.6016922	0.000186965
186.602417	0.000226733
196.6337357	0.000235719
206.5670166	0.0002385
216.5496216	0.000240403
226.5521011	0.000241136
236.5173264	0.000242249
246.5059433	0.00024285
256.5144653	0.000243343
267.0615997	0.000244116
277.0961151	0.000244342
286.5513	0.000244995
296.4980316	0.000245106
307.1225281	0.000245453
317.0869904	0.000246934
326.4825134	0.000246872
336.8885345	0.000247507
346.9429474	0.000247951
356.5089569	0.000247462
366.4915161	0.000247579
376.4247437	0.00024855
386.4704742	0.000248585
396.550827	0.000248687
406.5066071	0.000249575
416.5056152	0.000248941
426.5366364	0.000250266
436.967865	0.000249793
446.9740143	0.000250414
456.4854431	0.000250571
466.4971771	0.000250337
476.5212708	0.000251605
486.5847931	0.000251687
496.5742493	0.000252203
506.5312347	0.000250883
517.0161438	0.000252
526.4782104	0.000252159
536.4538574	0.000252998
546.4400024	0.000252744
556.4701843	0.000252558
566.4630737	0.00025328
576.4577332	0.000253847
586.4264526	0.000253245
595.8825684	0.000253555
606.3890381	0.000254107
616.4373474	0.000253776
626.4467163	0.000254636
637.030304	0.000254397
646.4845276	0.000254472
656.3632813	0.000254592
666.870636	0.000254351
675.9092102	0.000255278
686.4287109	0.000255123
696.4190674	0.000255228
705.9131775	0.000255203
716.3902588	0.000255267
726.4334106	0.000255345
736.9196472	0.000255277
746.4356689	0.000255818
756.4545288	0.000255448
766.3480225	0.000255648
776.2796326	0.000255519
786.3012085	0.000255978
795.809967	0.000255875
806.3276672	0.00025648
816.3085938	0.000256397
826.3153687	0.000256653
836.8669128	0.000256614
845.8648071	0.000256408
856.309845	0.000256912
865.7953186	0.000257046
875.163147	0.000257148
886.6915894	0.000256699
896.1615601	0.000257778
905.6209106	0.000257705
915.6737061	0.000257156
926.6512451	0.000257601
936.1886597	0.000257165
945.7130737	0.000257362
956.2046814	0.000257913
965.6780396	0.000258153
975.6911011	0.0002581
985.2259216	0.000257845
995.1479492	0.000257588
1006.085663	0.000257852
1015.593658	0.000258071
1025.62326	0.000257839
1036.12262	0.000258208
1045.097961	0.000257522
1056.089355	0.00025842
1065.604309	0.000258074
1075.139099	0.000258685
1086.134949	0.000258651
1095.609192	0.000258445
1105.538086	0.000258147
1116.07666	0.000258464
1125.591492	0.000258743
1135.622803	0.000258914
1145.61792	0.00025912
1156.10376	0.000258554
1165.603882	0.00025913
1175.088501	0.000258792
1186.098206	0.000258481
1196.068604	0.000259238
1205.49176	0.000259063
1215.458008	0.000258957
1224.997192	0.000259121
1235.542542	0.000259468
1245.54834	0.000258919
1255.550964	0.000259026
1265.027832	0.000258993
1275.528198	0.00025908
1285.547913	0.00025945
1295.020447	0.000258916
1305.516541	0.000259844
1315.559631	0.000259571
1325.472168	0.000259604
1335.563721	0.000259482
1345.535095	0.000259453
1355.049133	0.000259526
1365.570313	0.000259501
1375.083496	0.00025972
1385.037598	0.000259271
1395.505066	0.000259569
1405.553894	0.000259377
1415.085205	0.000260144
1424.966064	0.000260202
1435.409363	0.000259782
1444.95282	0.000260281
1454.961731	0.000259771
1464.959656	0.000260089
1474.969482	0.000260202
1484.930786	0.000260358
1494.940247	0.000259414
1504.997925	0.000260236
1514.95105	0.000259987
1524.912903	0.000259715
1535.47052	0.000260112
1544.936951	0.000260029
1554.858032	0.00026019
1564.874329	0.000260031
1575.41803	0.000260471
1584.93988	0.000260073
1594.971863	0.000259814
1604.944031	0.000260396
1614.917908	0.000260305
1624.937683	0.000259709
1635.409546	0.000260025
1645.468323	0.000260161
1654.897705	0.000260198
1665.336426	0.000260222
1674.810608	0.000260192
1684.828613	0.000260305
1694.825012	0.000260466
1704.837952	0.00026025
1714.91748	0.000260284
1724.935486	0.000260102
1735.384766	0.00026052
1744.888	0.000260398
1754.796204	0.000260192
1764.599243	0.000260218
1774.536316	0.000260744
1784.498901	0.000259868
1794.498718	0.000260366
1804.037903	0.000260602
1814.543579	0.000260693
1824.505432	0.000260484
1835.023071	0.000260878
1845.003967	0.000260658
1854.988892	0.00026005
1864.519348	0.000260616
1874.483276	0.000260732
1883.960632	0.000260219
1894.489868	0.000260994
1903.963318	0.000260697
1914.027954	0.000260134
1925.054077	0.000260021
1935.02887	0.000260295
1944.015137	0.000260711
1954.477783	0.0002604
1964.000305	0.000260047
1973.968384	0.000260365
1984.512207	0.000260745
1994.031494	0.000260531
2004.439209	0.000260328
2013.939331	0.000260271
2024.423279	0.000260258
2034.478455	0.000260856
2043.868896	0.000260538
2053.953613	0.000260499
2063.942871	0.00026036
2073.939575	0.000260658
2084.526489	0.000260595
2094.489136	0.000260461
2103.934814	0.000261021
2113.877686	0.000260399
2124.464844	0.000260786
2133.984131	0.000260694
2144.48877	0.000260719
2153.948853	0.000260439
2163.969482	0.000260498
2173.973633	0.00026017
2183.946777	0.000260632
2193.440918	0.000260477
2204.412354	0.000260236
2214.462402	0.000260478
2223.940186	0.000260714
2233.897705	0.000260716
2243.947632	0.000260417
2254.447388	0.000260741
2263.929321	0.000260232
2273.928223	0.00026061
2283.960205	0.000260439
2293.982544	0.000260451
2303.512939	0.000260289
2314.04834	0.000260963
2323.905518	0.000260541
2333.850708	0.000260941
2343.896362	0.000260766
2353.420654	0.000260433
2363.891846	0.000260547
2373.364258	0.000260354
2384.927246	0.000260344
2393.887085	0.000260476
2403.853638	0.000260309
2413.915161	0.000260033
2423.362671	0.000260354
2433.821655	0.000261205
2443.876831	0.000260558
2453.370239	0.000260532
2463.859253	0.000260278
2473.873047	0.000259905
2483.340332	0.000260338
2494.032837	0.000260895
2499.731934	0.000260799
1999.831543	0.000260276
1999.807373	0.000260795
1999.831604	0.000260101
1999.855835	0.000260317
1999.831604	0.000259738
1999.819458	0.000260802
1999.813416	0.000260033
1999.807434	0.000260658
1999.819458	0.000260674
1999.813477	0.000260595
1999.789185	0.000260466
1999.783142	0.000260332
1999.807434	0.000260529
1999.801331	0.000260676
1999.789185	0.000260452
1999.819458	0.000260557
1999.8255	0.000260024
1999.795288	0.000260882
1999.831604	0.000260619
1999.837585	0.000260746
1999.837585	0.000260272
1999.831604	0.000260266
1999.807373	0.000260463
1999.81958	0.000260391
1999.825562	0.000260383
1999.807434	0.000260581
1999.825562	0.000260484
1999.843689	0.000260712
1999.825562	0.000260459
1999.813416	0.000260807
1999.813416	0.000260166
1999.801331	0.000260331
1999.831604	0.000260259
1999.813416	0.000260693
1999.813477	0.000260724
1999.795227	0.000260614
1999.813477	0.000260309